pt:	274	(40.0 %)
bicycle:	115	(16.78832116788321 %)
car:	56	(8.175182481751825 %)
ride:	43	(6.2773722627737225 %)
walk:	197	(28.759124087591243 %)
